%MatrixMarket matrix coordinate pattern symmetric 
# Road layout:1000
1 0 1015 38
0 1 1015 38
2 0 8681 16
0 2 8681 16
466 0 5632 76
0 466 5632 76
6 1 2522 53
1 6 2522 53
382 1 8785 54
1 382 8785 54
3 2 8570 15
2 3 8570 15
4 3 4647 83
3 4 4647 83
416 3 8619 54
3 416 8619 54
419 3 6515 32
3 419 6515 32
5 4 8110 29
4 5 8110 29
97 4 9919 54
4 97 9919 54
417 4 4637 89
4 417 4637 89
6 5 1011 16
5 6 1011 16
97 5 2603 47
5 97 2603 47
8 7 407 86
7 8 407 86
9 7 6500 57
7 9 6500 57
78 7 182 96
7 78 182 96
33 8 2390 10
8 33 2390 10
10 9 5240 47
9 10 5240 47
83 9 9393 59
9 83 9393 59
11 10 3628 66
10 11 3628 66
83 10 9622 25
10 83 9622 25
109 10 2953 84
10 109 2953 84
12 11 8316 58
11 12 8316 58
109 11 220 23
11 109 220 23
13 12 3557 95
12 13 3557 95
94 12 4613 82
12 94 4613 82
107 12 5944 82
12 107 5944 82
14 13 6992 35
13 14 6992 35
93 13 7136 86
13 93 7136 86
94 13 1266 52
13 94 1266 52
15 14 8937 64
14 15 8937 64
16 14 4140 43
14 16 4140 43
76 14 2718 79
14 76 2718 79
17 16 8932 56
16 17 8932 56
18 17 561 80
17 18 561 80
76 17 3397 78
17 76 3397 78
19 18 4963 60
18 19 4963 60
20 19 6390 16
19 20 6390 16
23 19 4062 12
19 23 4062 12
21 20 338 54
20 21 338 54
22 20 7681 23
20 22 7681 23
24 23 8380 80
23 24 8380 80
25 23 331 52
23 25 331 52
26 25 6260 68
25 26 6260 68
27 25 3073 19
25 27 3073 19
28 27 4894 66
27 28 4894 66
29 27 1430 80
27 29 1430 80
30 29 3075 51
29 30 3075 51
31 30 8388 66
30 31 8388 66
32 31 5456 16
31 32 5456 16
33 32 2006 28
32 33 2006 28
34 33 7471 37
33 34 7471 37
36 35 2100 89
35 36 2100 89
50 35 7134 50
35 50 7134 50
37 36 4884 74
36 37 4884 74
38 37 1556 69
37 38 1556 69
39 38 8866 14
38 39 8866 14
40 39 3049 25
39 40 3049 25
41 40 4048 83
40 41 4048 83
42 41 5294 21
41 42 5294 21
43 42 5226 10
42 43 5226 10
44 43 5449 56
43 44 5449 56
45 44 3785 52
44 45 3785 52
46 45 670 51
45 46 670 51
47 46 564 81
46 47 564 81
48 47 4902 23
47 48 4902 23
49 48 8526 93
48 49 8526 93
50 49 5560 100
49 50 5560 100
183 49 3606 60
49 183 3606 60
184 50 4466 94
50 184 4466 94
52 51 3184 16
51 52 3184 16
53 51 8572 107
51 53 8572 107
53 52 5446 76
52 53 5446 76
222 52 3905 107
52 222 3905 107
224 52 3519 104
52 224 3519 104
55 54 9241 68
54 55 9241 68
56 54 941 108
54 56 941 108
75 55 7680 63
55 75 7680 63
57 56 5106 75
56 57 5106 75
58 57 2357 103
57 58 2357 103
59 58 2855 28
58 59 2855 28
60 58 2740 32
58 60 2740 32
61 58 6529 96
58 61 6529 96
62 61 1965 70
61 62 1965 70
63 62 9107 61
62 63 9107 61
336 62 2627 77
62 336 2627 77
64 63 3762 17
63 64 3762 17
65 64 431 31
64 65 431 31
66 65 967 54
65 66 967 54
67 65 7624 54
65 67 7624 54
68 67 6899 67
67 68 6899 67
69 67 2988 47
67 69 2988 47
70 69 4184 33
69 70 4184 33
71 70 7085 67
70 71 7085 67
72 71 4240 76
71 72 4240 76
73 71 2629 92
71 73 2629 92
74 73 617 108
73 74 617 108
75 73 2239 57
73 75 2239 57
93 76 7268 18
76 93 7268 18
78 77 4881 29
77 78 4881 29
79 77 7904 44
77 79 7904 44
452 77 3263 37
77 452 3263 37
118 78 8177 15
78 118 8177 15
80 79 7247 21
79 80 7247 21
81 80 7915 85
80 81 7915 85
103 80 2510 21
80 103 2510 21
82 81 1580 103
81 82 1580 103
112 81 7848 38
81 112 7848 38
83 82 4243 70
82 83 4243 70
111 82 7291 96
82 111 7291 96
84 83 6385 42
83 84 6385 42
86 85 4228 30
85 86 4228 30
87 85 4557 61
85 87 4557 61
127 85 199 103
85 127 199 103
314 85 3188 46
85 314 3188 46
96 86 2199 70
86 96 2199 70
133 86 882 39
86 133 882 39
88 87 4551 15
87 88 4551 15
127 87 6191 32
87 127 6191 32
89 88 5630 95
88 89 5630 95
90 88 9681 29
88 90 9681 29
91 90 5716 12
90 91 5716 12
92 91 8095 83
91 92 8095 83
93 92 2927 79
92 93 2927 79
132 92 5231 12
92 132 5231 12
95 94 6931 23
94 95 6931 23
96 95 6640 96
95 96 6640 96
122 96 6238 64
96 122 6238 64
133 96 8886 102
96 133 8886 102
467 97 6904 84
97 467 6904 84
99 98 10021 106
98 99 10021 106
100 98 7234 16
98 100 7234 16
135 98 3325 22
98 135 3325 22
102 99 7312 20
99 102 7312 20
136 99 2043 54
99 136 2043 54
101 100 6139 98
100 101 6139 98
102 101 2402 100
101 102 2402 100
104 103 508 23
103 104 508 23
106 103 6587 34
103 106 6587 34
123 103 5053 11
103 123 5053 11
105 104 1713 83
104 105 1713 83
452 104 9343 13
104 452 9343 13
106 105 3205 37
105 106 3205 37
134 105 3662 102
105 134 3662 102
150 105 2836 17
105 150 2836 17
123 106 7566 11
106 123 7566 11
134 106 1451 102
106 134 1451 102
108 107 9705 17
107 108 9705 17
112 107 255 84
107 112 255 84
122 107 2721 17
107 122 2721 17
110 108 7779 48
108 110 7779 48
112 108 4000 75
108 112 4000 75
110 109 8754 105
109 110 8754 105
111 109 9692 85
109 111 9692 85
111 110 2571 64
110 111 2571 64
113 111 1226 90
111 113 1226 90
115 114 3946 20
114 115 3946 20
116 114 4603 61
114 116 4603 61
119 114 2509 41
114 119 2509 41
168 114 6695 75
114 168 6695 75
118 115 9756 109
115 118 9756 109
121 115 9653 57
115 121 9653 57
117 116 8008 72
116 117 8008 72
168 116 3787 107
116 168 3787 107
451 116 1869 54
116 451 1869 54
118 117 2030 73
117 118 2030 73
450 117 9000 33
117 450 9000 33
339 118 563 38
118 339 563 38
120 119 9515 57
119 120 9515 57
169 119 5978 92
119 169 5978 92
170 119 8919 31
119 170 8919 31
121 120 7918 92
120 121 7918 92
170 120 5608 25
120 170 5608 25
123 122 2169 22
122 123 2169 22
125 124 7825 67
124 125 7825 67
126 124 6004 31
124 126 6004 31
175 124 314 76
124 175 314 76
352 124 5207 107
124 352 5207 107
380 124 6330 106
124 380 6330 106
126 125 9197 85
125 126 9197 85
175 125 3116 95
125 175 3116 95
351 125 5053 109
125 351 5053 109
350 126 4752 35
126 350 4752 35
440 126 1778 87
126 440 1778 87
128 127 4981 12
127 128 4981 12
449 127 3344 13
127 449 3344 13
129 128 8036 51
128 129 8036 51
153 128 6798 94
128 153 6798 94
441 128 2469 19
128 441 2469 19
130 129 8016 34
129 130 8016 34
131 129 8176 17
129 131 8176 17
153 129 3566 93
129 153 3566 93
132 131 1589 70
131 132 1589 70
137 131 3282 70
131 137 3282 70
138 132 5814 67
132 138 5814 67
134 133 9237 63
133 134 9237 63
315 133 9011 105
133 315 9011 105
315 134 1273 23
134 315 1273 23
136 135 2078 29
135 136 2078 29
418 135 10080 106
135 418 10080 106
418 136 4442 99
136 418 4442 99
138 137 2761 49
137 138 2761 49
154 137 5721 89
137 154 5721 89
384 138 2420 97
138 384 2420 97
140 139 5206 43
139 140 5206 43
141 139 426 26
139 141 426 26
388 139 8027 48
139 388 8027 48
141 140 1728 38
140 141 1728 38
385 140 2180 26
140 385 2180 26
386 141 642 37
141 386 642 37
143 142 5350 54
142 143 5350 54
145 142 2984 93
142 145 2984 93
176 142 2880 50
142 176 2880 50
144 143 1688 37
143 144 1688 37
177 143 6304 109
143 177 6304 109
185 143 5072 74
143 185 5072 74
145 144 8537 28
144 145 8537 28
449 144 4975 53
144 449 4975 53
314 145 7650 45
145 314 7650 45
147 146 754 14
146 147 754 14
148 146 2325 15
146 148 2325 15
165 146 876 96
146 165 876 96
166 146 7777 81
146 166 7777 81
151 147 8742 59
147 151 8742 59
167 147 6443 88
147 167 6443 88
149 148 3602 76
148 149 3602 76
316 148 6370 65
148 316 6370 65
150 149 1993 67
149 150 1993 67
315 149 9269 70
149 315 9269 70
151 150 2926 15
150 151 2926 15
451 150 7377 87
150 451 7377 87
168 151 5961 18
151 168 5961 18
153 152 4074 52
152 153 4074 52
154 152 8239 26
152 154 8239 26
175 152 5512 35
152 175 5512 35
351 152 6263 60
152 351 6263 60
353 153 6961 66
153 353 6961 66
175 154 3482 100
154 175 3482 100
156 155 9226 67
155 156 9226 67
157 155 7432 77
155 157 7432 77
174 156 1494 18
156 174 1494 18
158 157 273 91
157 158 273 91
159 158 8209 88
158 159 8209 88
160 159 280 31
159 160 280 31
161 160 7950 81
160 161 7950 81
162 161 7030 56
161 162 7030 56
165 161 6877 37
161 165 6877 37
163 162 9939 14
162 163 9939 14
164 162 7769 98
162 164 7769 98
171 170 3158 72
170 171 3158 72
172 171 3923 108
171 172 3923 108
173 172 9242 41
172 173 9242 41
174 172 8298 55
172 174 8298 55
177 176 144 14
176 177 144 14
186 176 9456 84
176 186 9456 84
185 177 8761 81
177 185 8761 81
179 178 4572 51
178 179 4572 51
180 178 701 104
178 180 701 104
422 178 1848 97
178 422 1848 97
182 179 9574 83
179 182 9574 83
376 179 7116 13
179 376 7116 13
431 179 4398 75
179 431 4398 75
181 180 6726 67
180 181 6726 67
423 180 1034 15
180 423 1034 15
182 181 7067 14
181 182 7067 14
420 181 8359 99
181 420 8359 99
377 182 9772 98
182 377 9772 98
419 182 2313 49
182 419 2313 49
184 183 9690 20
183 184 9690 20
186 185 7625 79
185 186 7625 79
313 186 7034 70
186 313 7034 70
188 187 7532 27
187 188 7532 27
189 187 5090 100
187 189 5090 100
366 187 3725 71
187 366 3725 71
190 188 6860 28
188 190 6860 28
354 188 7813 64
188 354 7813 64
355 188 1273 40
188 355 1273 40
190 189 9121 58
189 190 9121 58
192 189 8958 62
189 192 8958 62
348 189 1577 25
189 348 1577 25
438 190 896 76
190 438 896 76
192 191 4473 23
191 192 4473 23
193 191 5020 92
191 193 5020 92
200 191 9111 77
191 200 9111 77
194 192 1481 70
192 194 1481 70
458 192 2695 25
192 458 2695 25
194 193 2049 77
193 194 2049 77
202 193 9580 10
193 202 9580 10
372 193 9386 20
193 372 9386 20
459 194 9813 43
194 459 9813 43
196 195 8411 104
195 196 8411 104
197 195 1228 89
195 197 1228 89
199 196 9272 41
196 199 9272 41
198 197 519 12
197 198 519 12
199 198 453 94
198 199 453 94
201 200 4837 25
200 201 4837 25
349 200 3142 86
200 349 3142 86
202 201 6080 75
201 202 6080 75
370 202 5041 77
202 370 5041 77
204 203 3246 76
203 204 3246 76
205 203 3637 95
203 205 3637 95
212 203 5879 12
203 212 5879 12
369 203 5553 105
203 369 5553 105
208 204 1607 41
204 208 1607 41
370 204 6779 75
204 370 6779 75
371 204 5963 44
204 371 5963 44
206 205 9649 47
205 206 9649 47
430 205 844 70
205 430 844 70
207 206 4510 41
206 207 4510 41
429 206 1519 88
206 429 1519 88
208 207 5523 107
207 208 5523 107
341 207 7390 65
207 341 7390 65
429 207 528 71
207 429 528 71
341 208 4509 95
208 341 4509 95
371 208 857 21
208 371 857 21
210 209 8403 50
209 210 8403 50
211 209 6132 78
209 211 6132 78
234 209 3290 73
209 234 3290 73
212 210 4691 10
210 212 4691 10
347 210 6392 75
210 347 6392 75
368 210 4292 66
210 368 4292 66
212 211 7032 79
211 212 7032 79
226 211 691 99
211 226 691 99
229 211 1367 92
211 229 1367 92
369 212 2387 19
212 369 2387 19
214 213 1318 89
213 214 1318 89
215 213 6541 48
213 215 6541 48
308 213 6373 72
213 308 6373 72
215 214 7434 92
214 215 7434 92
311 214 1942 93
214 311 1942 93
307 215 5453 67
215 307 5453 67
217 216 5144 93
216 217 5144 93
221 216 531 82
216 221 531 82
218 217 7803 72
217 218 7803 72
219 218 6976 21
218 219 6976 21
220 219 237 41
219 220 237 41
221 220 4284 27
220 221 4284 27
223 222 6813 53
222 223 6813 53
224 223 10016 74
223 224 10016 74
226 225 4223 37
225 226 4223 37
227 225 6160 55
225 227 6160 55
250 225 6471 58
225 250 6471 58
233 226 8683 100
226 233 8683 100
228 227 8652 22
227 228 8652 22
254 227 6548 10
227 254 6548 10
229 228 5955 75
228 229 5955 75
254 228 7969 16
228 254 7969 16
259 229 2156 65
229 259 2156 65
260 229 9438 70
229 260 9438 70
231 230 412 22
230 231 412 22
232 230 6863 98
230 232 6863 98
288 230 1021 10
230 288 1021 10
235 231 9412 101
231 235 9412 101
244 231 4187 10
231 244 4187 10
233 232 7943 53
232 233 7943 53
272 232 6584 23
232 272 6584 23
275 232 2036 90
232 275 2036 90
250 233 8671 86
233 250 8671 86
235 234 7581 58
234 235 7581 58
249 235 2772 37
235 249 2772 37
237 236 789 84
236 237 789 84
238 236 399 31
236 238 399 31
238 237 3902 56
237 238 3902 56
240 237 6576 63
237 240 6576 63
239 238 4433 66
238 239 4433 66
240 239 2566 68
239 240 2566 68
242 241 4749 98
241 242 4749 98
243 241 7587 18
241 243 7587 18
247 242 7986 61
242 247 7986 61
249 242 8773 91
242 249 8773 91
244 243 2053 49
243 244 2053 49
245 244 677 44
244 245 677 44
246 244 7960 108
244 246 7960 108
247 246 4656 94
246 247 4656 94
249 246 9704 53
246 249 9704 53
248 247 3298 12
247 248 3298 12
249 247 9244 14
247 249 9244 14
272 250 8008 13
250 272 8008 13
252 251 8130 103
251 252 8130 103
254 253 3901 49
253 254 3901 49
255 253 8577 20
253 255 8577 20
256 255 7109 17
255 256 7109 17
257 256 2456 91
256 257 2456 91
271 256 9548 32
256 271 9548 32
258 257 1112 82
257 258 1112 82
259 258 7953 23
258 259 7953 23
429 259 9035 60
259 429 9035 60
262 261 9159 105
261 262 9159 105
263 261 3416 109
261 263 3416 109
545 261 3633 65
261 545 3633 65
277 262 3699 55
262 277 3699 55
287 262 6994 97
262 287 6994 97
546 262 6878 106
262 546 6878 106
264 263 443 17
263 264 443 17
266 263 1371 85
263 266 1371 85
265 264 1799 10
264 265 1799 10
267 266 3325 62
266 267 3325 62
268 267 9881 102
267 268 9881 102
289 267 2796 15
267 289 2796 15
296 267 7933 98
267 296 7933 98
269 268 3398 66
268 269 3398 66
270 269 408 11
269 270 408 11
300 269 3517 34
269 300 3517 34
271 270 5408 57
270 271 5408 57
300 270 9588 54
270 300 9588 54
273 272 6031 84
272 273 6031 84
274 272 2752 68
272 274 2752 68
276 275 972 21
275 276 972 21
277 275 4549 25
275 277 4549 25
288 275 340 86
275 288 340 86
278 277 7162 27
277 278 7162 27
280 279 6126 99
279 280 6126 99
281 279 2106 105
279 281 2106 105
284 280 6523 105
280 284 6523 105
282 281 8037 49
281 282 8037 49
285 281 2707 37
281 285 2707 37
283 282 153 31
282 283 153 31
285 282 10016 101
282 285 10016 101
284 283 643 70
283 284 643 70
286 283 2578 55
283 286 2578 55
286 285 2253 45
285 286 2253 45
288 287 3222 100
287 288 3222 100
290 289 6169 22
289 290 6169 22
324 289 4667 78
289 324 4667 78
291 290 5782 18
290 291 5782 18
324 290 5120 62
290 324 5120 62
292 291 8611 13
291 292 8611 13
477 291 1007 30
291 477 1007 30
293 292 4139 18
292 293 4139 18
477 292 4452 76
292 477 4452 76
294 293 2849 85
293 294 2849 85
295 294 615 93
294 295 615 93
296 295 6793 27
295 296 6793 27
298 297 2927 58
297 298 2927 58
299 297 7448 58
297 299 7448 58
299 298 3673 84
298 299 3673 84
302 301 4331 88
301 302 4331 88
303 301 2135 47
301 303 2135 47
304 301 5209 68
301 304 5209 68
316 302 6370 44
302 316 6370 44
305 304 7782 62
304 305 7782 62
306 305 5930 37
305 306 5930 37
307 306 2014 109
306 307 2014 109
309 308 4064 50
308 309 4064 50
310 308 8552 89
308 310 8552 89
312 311 3182 40
311 312 3182 40
313 311 9550 44
311 313 9550 44
317 316 315 31
316 317 315 31
319 318 7477 86
318 319 7477 86
320 318 541 104
318 320 541 104
323 318 4990 17
318 323 4990 17
321 319 8664 61
319 321 8664 61
322 319 6305 82
319 322 6305 82
321 320 8784 13
320 321 8784 13
323 322 6415 94
322 323 6415 94
326 325 5986 56
325 326 5986 56
327 325 8409 60
325 327 8409 60
327 326 3517 71
326 327 3517 71
329 328 6390 102
328 329 6390 102
330 328 2932 88
328 330 2932 88
383 328 5331 63
328 383 5331 63
330 329 3886 25
329 330 3886 25
401 330 3597 32
330 401 3597 32
332 331 1191 77
331 332 1191 77
334 331 257 50
331 334 257 50
333 332 6325 57
332 333 6325 57
334 333 8064 11
333 334 8064 11
336 335 9556 82
335 336 9556 82
337 335 687 23
335 337 687 23
339 335 7458 65
335 339 7458 65
338 336 7711 90
336 338 7711 90
338 337 5083 80
337 338 5083 80
339 337 7107 68
337 339 7107 68
341 340 7238 29
340 341 7238 29
429 340 3245 75
340 429 3245 75
343 342 4979 35
342 343 4979 35
344 342 6883 22
342 344 6883 22
346 343 1377 103
343 346 1377 103
345 344 197 35
344 345 197 35
346 345 5042 100
345 346 5042 100
348 347 8486 73
347 348 8486 73
349 347 9552 66
347 349 9552 66
368 348 8517 27
348 368 8517 27
370 349 3342 28
349 370 3342 28
351 350 1715 39
350 351 1715 39
353 350 1310 28
350 353 1310 28
355 350 531 27
350 355 531 27
378 352 7420 31
352 378 7420 31
354 353 3831 38
353 354 3831 38
356 353 1080 35
353 356 1080 35
357 354 2838 107
354 357 2838 107
437 355 1104 102
355 437 1104 102
357 356 9909 39
356 357 9909 39
358 356 4016 41
356 358 4016 41
441 356 4747 24
356 441 4747 24
359 357 2855 59
357 359 2855 59
359 358 9767 45
358 359 9767 45
360 359 6173 19
359 360 6173 19
361 360 9236 93
360 361 9236 93
367 360 3244 81
360 367 3244 81
362 361 3266 81
361 362 3266 81
363 361 835 108
361 363 835 108
364 363 8721 65
363 364 8721 65
367 363 3503 28
363 367 3503 28
365 364 6900 66
364 365 6900 66
366 364 5299 68
364 366 5299 68
366 365 2381 25
365 366 2381 25
368 367 1703 90
367 368 1703 90
370 369 9164 85
369 370 9164 85
372 371 7349 26
371 372 7349 26
457 372 3530 46
372 457 3530 46
374 373 7598 100
373 374 7598 100
375 373 8082 104
373 375 8082 104
375 374 6526 48
374 375 6526 48
377 376 3028 88
376 377 3028 88
432 376 834 106
376 432 834 106
466 377 9510 24
377 466 9510 24
379 378 9211 82
378 379 9211 82
380 378 8680 94
378 380 8680 94
389 379 4049 32
379 389 4049 32
390 379 4262 75
379 390 4262 75
381 380 2675 43
380 381 2675 43
382 381 2566 47
381 382 2566 47
465 381 9448 40
381 465 9448 40
383 382 5922 62
382 383 5922 62
384 383 6236 53
383 384 6236 53
385 384 2218 63
384 385 2218 63
389 385 887 56
385 389 887 56
387 386 5673 13
386 387 5673 13
388 386 1311 54
386 388 1311 54
390 389 9505 12
389 390 9505 12
392 391 1623 97
391 392 1623 97
393 391 8321 70
391 393 8321 70
396 392 844 104
392 396 844 104
394 393 8732 75
393 394 8732 75
395 394 8622 80
394 395 8622 80
396 395 8427 92
395 396 8427 92
454 396 1516 71
396 454 1516 71
398 397 4733 66
397 398 4733 66
400 397 3539 42
397 400 3539 42
588 397 7444 81
397 588 7444 81
399 398 6189 34
398 399 6189 34
400 399 1363 37
399 400 1363 37
442 399 4914 37
399 442 4914 37
447 400 6483 27
400 447 6483 27
402 401 9767 102
401 402 9767 102
407 402 2402 82
402 407 2402 82
408 402 4534 42
402 408 4534 42
404 403 441 88
403 404 441 88
405 403 5703 48
403 405 5703 48
406 404 9838 79
404 406 9838 79
406 405 4081 69
405 406 4081 69
408 407 4934 64
407 408 4934 64
467 407 1801 61
407 467 1801 61
469 407 5265 52
407 469 5265 52
410 409 6421 45
409 410 6421 45
411 409 8997 107
409 411 8997 107
679 409 3146 20
409 679 3146 20
415 410 3601 88
410 415 3601 88
751 410 260 100
410 751 260 100
412 411 5023 17
411 412 5023 17
678 411 3360 79
411 678 3360 79
413 412 5130 78
412 413 5130 78
678 412 1191 59
412 678 1191 59
414 413 9567 106
413 414 9567 106
415 414 5657 20
414 415 5657 20
417 416 5197 53
416 417 5197 53
420 419 4883 13
419 420 4883 13
422 421 6014 46
421 422 6014 46
423 421 7915 66
421 423 7915 66
424 421 2695 97
421 424 2695 97
423 422 944 87
422 423 944 87
426 425 3730 59
425 426 3730 59
427 425 8663 94
425 427 8663 94
428 426 9855 67
426 428 9855 67
428 427 7783 96
427 428 7783 96
432 431 8592 57
431 432 8592 57
457 431 685 38
431 457 685 38
458 432 3595 72
432 458 3595 72
434 433 5209 66
433 434 5209 66
436 433 7788 65
433 436 7788 65
435 434 2854 29
434 435 2854 29
436 435 4555 105
435 436 4555 105
438 437 2630 102
437 438 2630 102
439 438 9150 13
438 439 9150 13
440 439 6413 13
439 440 6413 13
465 439 6110 17
439 465 6110 17
443 442 2385 12
442 443 2385 12
444 443 10079 14
443 444 10079 14
445 444 2777 31
444 445 2777 31
446 445 5092 94
445 446 5092 94
447 446 6276 105
446 447 6276 105
587 446 6561 75
446 587 6561 75
448 447 1242 97
447 448 1242 97
451 450 7772 21
450 451 7772 21
452 451 885 71
451 452 885 71
454 453 5456 55
453 454 5456 55
455 453 8259 12
453 455 8259 12
456 454 10086 40
454 456 10086 40
456 455 1966 49
455 456 1966 49
459 458 3643 107
458 459 3643 107
461 460 1805 100
460 461 1805 100
464 460 289 105
460 464 289 105
462 461 7414 50
461 462 7414 50
463 462 9448 50
462 463 9448 50
464 463 2256 102
463 464 2256 102
468 467 3492 55
467 468 3492 55
469 468 4958 98
468 469 4958 98
470 469 5158 45
469 470 5158 45
472 471 2045 58
471 472 2045 58
476 471 757 72
471 476 757 72
473 472 1174 67
472 473 1174 67
474 473 975 11
473 474 975 11
475 474 5380 40
474 475 5380 40
476 475 999 107
475 476 999 107
477 476 9565 15
476 477 9565 15
479 478 4763 25
478 479 4763 25
504 478 4147 70
478 504 4147 70
480 479 6359 13
479 480 6359 13
481 480 8517 46
480 481 8517 46
482 481 1493 43
481 482 1493 43
483 482 7791 109
482 483 7791 109
484 483 2524 50
483 484 2524 50
485 484 2706 89
484 485 2706 89
486 484 6878 60
484 486 6878 60
487 486 2614 52
486 487 2614 52
488 487 9682 62
487 488 9682 62
489 488 5985 81
488 489 5985 81
490 489 8969 12
489 490 8969 12
491 490 9038 26
490 491 9038 26
492 491 7241 42
491 492 7241 42
493 492 3195 15
492 493 3195 15
494 493 9967 31
493 494 9967 31
495 494 3379 68
494 495 3379 68
496 495 5719 70
495 496 5719 70
497 496 1801 94
496 497 1801 94
498 497 7760 65
497 498 7760 65
499 498 4366 88
498 499 4366 88
500 499 8501 83
499 500 8501 83
501 500 2306 50
500 501 2306 50
502 501 7986 78
501 502 7986 78
503 502 1175 18
502 503 1175 18
504 503 3909 103
503 504 3909 103
506 505 1091 89
505 506 1091 89
507 505 3882 75
505 507 3882 75
509 506 7509 59
506 509 7509 59
508 507 859 99
507 508 859 99
509 508 5360 55
508 509 5360 55
511 510 2174 43
510 511 2174 43
512 510 6109 36
510 512 6109 36
512 511 1579 38
511 512 1579 38
514 513 5829 16
513 514 5829 16
515 513 165 95
513 515 165 95
516 514 5256 26
514 516 5256 26
516 515 9829 37
515 516 9829 37
518 517 2112 97
517 518 2112 97
519 518 6364 36
518 519 6364 36
544 518 2102 108
518 544 2102 108
520 519 1874 87
519 520 1874 87
521 519 9515 109
519 521 9515 109
522 520 3648 55
520 522 3648 55
522 521 2376 34
521 522 2376 34
546 521 7334 80
521 546 7334 80
524 523 5644 71
523 524 5644 71
525 523 1287 66
523 525 1287 66
528 523 8408 87
523 528 8408 87
527 524 8498 89
524 527 8498 89
530 524 9053 99
524 530 9053 99
526 525 3480 17
525 526 3480 17
527 526 6794 34
526 527 6794 34
529 528 3412 49
528 529 3412 49
531 529 8930 85
529 531 8930 85
531 530 2170 42
530 531 2170 42
533 532 1738 79
532 533 1738 79
537 532 2990 26
532 537 2990 26
538 532 8440 71
532 538 8440 71
534 533 9312 35
533 534 9312 35
535 534 1317 103
534 535 1317 103
536 535 277 15
535 536 277 15
537 536 3611 96
536 537 3611 96
539 538 9098 30
538 539 9098 30
541 540 3273 96
540 541 3273 96
542 540 470 60
540 542 470 60
543 541 6461 23
541 543 6461 23
543 542 8334 84
542 543 8334 84
545 544 4546 55
544 545 4546 55
548 547 1599 92
547 548 1599 92
549 547 8492 21
547 549 8492 21
555 547 9697 102
547 555 9697 102
551 548 1675 97
548 551 1675 97
552 548 3290 17
548 552 3290 17
550 549 2948 21
549 550 2948 21
551 550 7702 47
550 551 7702 47
553 550 5796 20
550 553 5796 20
552 551 1250 81
551 552 1250 81
553 552 2686 17
552 553 2686 17
557 553 2838 12
553 557 2838 12
555 554 8962 30
554 555 8962 30
556 554 8316 78
554 556 8316 78
556 555 8244 58
555 556 8244 58
564 557 1625 82
557 564 1625 82
559 558 3220 85
558 559 3220 85
562 558 1635 11
558 562 1635 11
563 558 1419 21
558 563 1419 21
560 559 7006 13
559 560 7006 13
561 560 2317 75
560 561 2317 75
562 561 8511 26
561 562 8511 26
565 561 2822 68
561 565 2822 68
563 562 5184 49
562 563 5184 49
565 562 5048 27
562 565 5048 27
569 564 4930 63
564 569 4930 63
575 565 229 41
565 575 229 41
567 566 5085 20
566 567 5085 20
568 566 8667 59
566 568 8667 59
585 567 5004 97
567 585 5004 97
570 568 3068 54
568 570 3068 54
573 569 5790 96
569 573 5790 96
576 570 1091 19
570 576 1091 19
572 571 2508 27
571 572 2508 27
573 571 8589 81
571 573 8589 81
584 572 2237 17
572 584 2237 17
575 574 10045 67
574 575 10045 67
585 574 6604 108
574 585 6604 108
583 576 989 39
576 583 989 39
578 577 4240 109
577 578 4240 109
579 577 4681 50
577 579 4681 50
582 578 882 72
578 582 882 72
580 579 1585 39
579 580 1585 39
581 580 9522 83
580 581 9522 83
582 581 4796 103
581 582 4796 103
939 581 6414 75
581 939 6414 75
939 582 1878 23
582 939 1878 23
586 583 5885 14
583 586 5885 14
586 584 5352 97
584 586 5352 97
588 587 7445 79
587 588 7445 79
592 589 5392 32
589 592 5392 32
591 590 9876 91
590 591 9876 91
592 590 2206 62
590 592 2206 62
592 591 6255 37
591 592 6255 37
594 593 5598 41
593 594 5598 41
595 593 2139 63
593 595 2139 63
595 594 8658 108
594 595 8658 108
597 596 6092 92
596 597 6092 92
599 596 9394 51
596 599 9394 51
659 596 2106 49
596 659 2106 49
598 597 3662 101
597 598 3662 101
599 598 5620 109
598 599 5620 109
660 599 8413 59
599 660 8413 59
601 600 4514 75
600 601 4514 75
602 600 1533 86
600 602 1533 86
672 600 1787 99
600 672 1787 99
604 601 4700 80
601 604 4700 80
603 602 555 99
602 603 555 99
604 603 1661 77
603 604 1661 77
669 603 1576 45
603 669 1576 45
671 604 8528 80
604 671 8528 80
606 605 5954 89
605 606 5954 89
610 605 3912 36
605 610 3912 36
607 606 6584 13
606 607 6584 13
608 607 2825 33
607 608 2825 33
609 608 7326 22
608 609 7326 22
610 609 5638 36
609 610 5638 36
612 611 7345 94
611 612 7345 94
613 611 9747 10
611 613 9747 10
620 612 8815 95
612 620 8815 95
657 612 1874 95
612 657 1874 95
614 613 1393 24
613 614 1393 24
615 614 3564 64
614 615 3564 64
616 615 5954 109
615 616 5954 109
617 616 129 33
616 617 129 33
832 616 551 20
616 832 551 20
618 617 1272 64
617 618 1272 64
619 618 1453 45
618 619 1453 45
620 619 6308 30
619 620 6308 30
658 620 6871 72
620 658 6871 72
622 621 9520 73
621 622 9520 73
644 621 5025 101
621 644 5025 101
623 622 4422 98
622 623 4422 98
624 623 9975 52
623 624 9975 52
625 624 330 32
624 625 330 32
626 625 7962 73
625 626 7962 73
627 626 7793 11
626 627 7793 11
628 627 1772 38
627 628 1772 38
629 628 4678 108
628 629 4678 108
630 629 3313 47
629 630 3313 47
631 630 8772 64
630 631 8772 64
632 631 9003 102
631 632 9003 102
633 632 2966 41
632 633 2966 41
634 633 9483 50
633 634 9483 50
635 634 7109 94
634 635 7109 94
636 635 1163 90
635 636 1163 90
644 635 2676 67
635 644 2676 67
637 636 4603 12
636 637 4603 12
643 636 7368 24
636 643 7368 24
638 637 1940 15
637 638 1940 15
640 637 6177 73
637 640 6177 73
642 637 5541 35
637 642 5541 35
639 638 6735 69
638 639 6735 69
640 638 4444 32
638 640 4444 32
641 640 1985 76
640 641 1985 76
642 641 3176 19
641 642 3176 19
643 642 3387 15
642 643 3387 15
646 645 9377 79
645 646 9377 79
647 645 8294 39
645 647 8294 39
650 645 2288 72
645 650 2288 72
647 646 2691 45
646 647 2691 45
649 648 9440 106
648 649 9440 106
650 648 3305 25
648 650 3305 25
650 649 6543 51
649 650 6543 51
652 651 1668 87
651 652 1668 87
653 651 9121 10
651 653 9121 10
656 652 9208 90
652 656 9208 90
654 653 8335 62
653 654 8335 62
655 654 8138 104
654 655 8138 104
656 655 7468 58
655 656 7468 58
658 657 9637 33
657 658 9637 33
661 659 757 38
659 661 757 38
661 660 7412 28
660 661 7412 28
663 662 5720 64
662 663 5720 64
664 662 3940 64
662 664 3940 64
796 662 8773 28
662 796 8773 28
849 662 4040 25
662 849 4040 25
665 663 4696 108
663 665 4696 108
824 663 9090 27
663 824 9090 27
825 663 5813 35
663 825 5813 35
665 664 3289 29
664 665 3289 29
739 664 3088 70
664 739 3088 70
740 664 7727 11
664 740 7727 11
738 665 2523 12
665 738 2523 12
759 665 3981 100
665 759 3981 100
667 666 6991 75
666 667 6991 75
670 666 5495 51
666 670 5495 51
668 667 8455 26
667 668 8455 26
686 667 7101 67
667 686 7101 67
669 668 8184 28
668 669 8184 28
671 668 8862 93
668 671 8862 93
688 668 9382 18
668 688 9382 18
670 669 5649 69
669 670 5649 69
672 671 4281 105
671 672 4281 105
688 671 9659 30
671 688 9659 30
691 672 1491 76
672 691 1491 76
674 673 6600 25
673 674 6600 25
679 673 3619 87
673 679 3619 87
675 674 358 73
674 675 358 73
697 674 6881 46
674 697 6881 46
676 675 9347 26
675 676 9347 26
677 676 2544 10
676 677 2544 10
678 677 4946 19
677 678 4946 19
695 679 8976 93
679 695 8976 93
681 680 4844 58
680 681 4844 58
682 680 9533 44
680 682 9533 44
685 681 5467 49
681 685 5467 49
683 682 6735 14
682 683 6735 14
684 683 4899 33
683 684 4899 33
685 684 2122 99
684 685 2122 99
687 686 8533 103
686 687 8533 103
688 687 1689 78
687 688 1689 78
690 688 6172 11
688 690 6172 11
690 689 4120 97
689 690 4120 97
691 689 498 83
689 691 498 83
735 689 7418 38
689 735 7418 38
734 691 3775 103
691 734 3775 103
693 692 3959 96
692 693 3959 96
694 692 586 24
692 694 586 24
708 692 4338 73
692 708 4338 73
694 693 3613 41
693 694 3613 41
707 693 3115 19
693 707 3115 19
696 695 977 44
695 696 977 44
744 695 8713 98
695 744 8713 98
697 696 2095 59
696 697 2095 59
749 696 5472 100
696 749 5472 100
748 697 8836 29
697 748 8836 29
699 698 8042 37
698 699 8042 37
700 698 6560 52
698 700 6560 52
701 698 1852 67
698 701 1852 67
705 699 7107 45
699 705 7107 45
711 699 9848 64
699 711 9848 64
702 701 8599 11
701 702 8599 11
709 701 4982 86
701 709 4982 86
737 701 8556 28
701 737 8556 28
703 702 8487 81
702 703 8487 81
707 702 4228 26
702 707 4228 26
704 703 765 39
703 704 765 39
708 703 2935 47
703 708 2935 47
705 704 9786 43
704 705 9786 43
708 704 8453 48
704 708 8453 48
706 705 3146 100
705 706 3146 100
710 709 9268 55
709 710 9268 55
738 709 10055 28
709 738 10055 28
759 709 2496 81
709 759 2496 81
713 710 579 87
710 713 579 87
840 710 3581 87
710 840 3581 87
712 711 446 72
711 712 446 72
713 712 3486 10
712 713 3486 10
839 713 5671 10
713 839 5671 10
715 714 4548 58
714 715 4548 58
717 714 2752 10
714 717 2752 10
716 715 5740 53
715 716 5740 53
736 715 8334 47
715 736 8334 47
717 716 500 21
716 717 500 21
735 716 518 76
716 735 518 76
719 718 2830 92
718 719 2830 92
720 718 3043 97
718 720 3043 97
722 719 9129 62
719 722 9129 62
721 720 3118 74
720 721 3118 74
722 721 8897 87
721 722 8897 87
724 723 515 86
723 724 515 86
725 723 5491 26
723 725 5491 26
789 723 5189 42
723 789 5189 42
790 723 3864 53
723 790 3864 53
791 723 997 99
723 791 997 99
742 724 7479 47
724 742 7479 47
791 724 7533 45
724 791 7533 45
726 725 2903 28
725 726 2903 28
727 725 380 62
725 727 380 62
924 725 7383 15
725 924 7383 15
728 727 8759 62
727 728 8759 62
948 727 3715 60
727 948 3715 60
729 728 2792 52
728 729 2792 52
730 728 8422 28
728 730 8422 28
924 728 7615 24
728 924 7615 24
731 730 5662 62
730 731 5662 62
958 730 5809 95
730 958 5809 95
732 731 6239 36
731 732 6239 36
733 731 9561 32
731 733 9561 32
734 733 7306 22
733 734 7306 22
899 733 4756 88
733 899 4756 88
904 733 9535 26
733 904 9535 26
735 734 5627 58
734 735 5627 58
736 735 823 14
735 736 823 14
737 736 8751 98
736 737 8751 98
739 738 5266 83
738 739 5266 83
740 739 1170 14
739 740 1170 14
741 740 307 48
740 741 307 48
796 740 692 16
740 796 692 16
742 741 5453 66
741 742 5453 66
761 741 6309 21
741 761 6309 21
762 741 6187 78
741 762 6187 78
796 741 140 29
741 796 140 29
792 742 7913 11
742 792 7913 11
797 742 5261 78
742 797 5261 78
744 743 895 53
743 744 895 53
745 743 3565 86
743 745 3565 86
750 744 101 38
744 750 101 38
746 745 108 44
745 746 108 44
747 746 7096 70
746 747 7096 70
748 747 6717 89
747 748 6717 89
757 750 2518 56
750 757 2518 56
752 751 2796 43
751 752 2796 43
754 751 7423 48
751 754 7423 48
753 752 333 92
752 753 333 92
755 754 5143 91
754 755 5143 91
756 755 2377 100
755 756 2377 100
757 756 1702 47
756 757 1702 47
825 759 1379 65
759 825 1379 65
843 759 2998 17
759 843 2998 17
761 760 139 21
760 761 139 21
762 760 6737 61
760 762 6737 61
792 760 9770 32
760 792 9770 32
762 761 3704 81
761 762 3704 81
795 761 1777 67
761 795 1777 67
798 762 4467 75
762 798 4467 75
764 763 1732 78
763 764 1732 78
765 763 2369 11
763 765 2369 11
829 763 6102 25
763 829 6102 25
767 764 1066 55
764 767 1066 55
780 764 5748 73
764 780 5748 73
832 764 1740 67
764 832 1740 67
766 765 4089 109
765 766 4089 109
778 765 7897 48
765 778 7897 48
767 766 9735 30
766 767 9735 30
777 766 8104 47
766 777 8104 47
780 766 305 97
766 780 305 97
768 767 4574 70
767 768 4574 70
780 767 1225 50
767 780 1225 50
770 769 7846 89
769 770 7846 89
771 769 3142 24
769 771 3142 24
872 769 105 105
769 872 105 105
779 770 402 50
770 779 402 50
772 771 382 105
771 772 382 105
833 771 1023 51
771 833 1023 51
773 772 7183 79
772 773 7183 79
835 772 8128 62
772 835 8128 62
774 773 8808 80
773 774 8808 80
775 773 8443 27
773 775 8443 27
776 775 2605 37
775 776 2605 37
777 775 7221 84
775 777 7221 84
781 777 410 19
777 781 410 19
822 777 4651 21
777 822 4651 21
779 778 8618 88
778 779 8618 88
787 780 9243 43
780 787 9243 43
782 781 9430 11
781 782 9430 11
828 781 9378 100
781 828 9378 100
783 782 297 46
782 783 297 46
867 782 9214 38
782 867 9214 38
784 783 2758 103
783 784 2758 103
785 783 5367 20
783 785 5367 20
786 785 9886 109
785 786 9886 109
845 785 7162 21
785 845 7162 21
787 786 2461 86
786 787 2461 86
816 786 783 16
786 816 783 16
815 787 9759 88
787 815 9759 88
789 788 4450 65
788 789 4450 65
790 788 8344 26
788 790 8344 26
858 788 6950 35
788 858 6950 35
950 788 6070 99
788 950 6070 99
791 789 8137 89
789 791 8137 89
793 789 2416 28
789 793 2416 28
924 790 858 103
790 924 858 103
949 790 1216 76
790 949 1216 76
792 791 2599 96
791 792 2599 96
794 793 5610 71
793 794 5610 71
853 793 521 58
793 853 521 58
858 793 4572 63
793 858 4572 63
796 794 9434 61
794 796 9434 61
855 794 7964 53
794 855 7964 53
798 797 790 43
797 798 790 43
800 799 6326 52
799 800 6326 52
801 799 484 65
799 801 484 65
814 800 8474 107
800 814 8474 107
895 800 4436 96
800 895 4436 96
898 800 2248 95
800 898 2248 95
802 801 8679 97
801 802 8679 97
908 801 5655 100
801 908 5655 100
980 801 2191 21
801 980 2191 21
803 802 1625 55
802 803 1625 55
806 802 7667 57
802 806 7667 57
804 803 9570 13
803 804 9570 13
805 804 9762 26
804 805 9762 26
807 806 7845 33
806 807 7845 33
908 806 962 105
806 908 962 105
808 807 6730 101
807 808 6730 101
907 807 6853 90
807 907 6853 90
809 808 7378 47
808 809 7378 47
810 809 8817 79
809 810 8817 79
811 810 6232 86
810 811 6232 86
812 811 567 16
811 812 567 16
813 812 2776 54
812 813 2776 54
885 812 4288 77
812 885 4288 77
814 813 4546 104
813 814 4546 104
884 813 4098 100
813 884 4098 100
894 814 2252 12
814 894 2252 12
896 814 3581 88
814 896 3581 88
821 815 7564 77
815 821 7564 77
817 816 3156 14
816 817 3156 14
844 816 3353 105
816 844 3353 105
818 817 7290 80
817 818 7290 80
865 817 227 35
817 865 227 35
819 818 4784 42
818 819 4784 42
864 818 7574 55
818 864 7574 55
820 819 2934 37
819 820 2934 37
864 819 3457 105
819 864 3457 105
821 820 8010 75
820 821 8010 75
863 820 7853 56
820 863 7853 56
823 822 2438 80
822 823 2438 80
824 822 8128 75
822 824 8128 75
834 824 5150 101
824 834 5150 101
838 824 527 47
824 838 527 47
826 825 9633 40
825 826 9633 40
827 826 9125 80
826 827 9125 80
842 826 7922 14
826 842 7922 14
828 827 3066 25
827 828 3066 25
841 827 6435 36
827 841 6435 36
867 828 789 37
828 867 789 37
830 829 5562 93
829 830 5562 93
831 829 5061 36
829 831 5061 36
832 830 8895 48
830 832 8895 48
834 833 1145 31
833 834 1145 31
868 833 9828 26
833 868 9828 26
871 833 8094 75
833 871 8094 75
837 834 1709 88
834 837 1709 88
837 836 1023 105
836 837 1023 105
838 836 3131 13
836 838 3131 13
846 836 1433 95
836 846 1433 95
857 837 8731 11
837 857 8731 11
868 837 9545 88
837 868 9545 88
850 838 2568 22
838 850 2568 22
840 839 3025 12
839 840 3025 12
866 840 1004 47
840 866 1004 47
845 841 5419 90
841 845 5419 90
867 841 8343 89
841 867 8343 89
843 842 947 76
842 843 947 76
844 843 3717 81
843 844 3717 81
845 844 6619 20
844 845 6619 20
865 844 7912 41
844 865 7912 41
847 846 9455 32
846 847 9455 32
854 846 1847 19
846 854 1847 19
848 847 5609 45
847 848 5609 45
849 848 8753 13
848 849 8753 13
856 849 5955 11
849 856 5955 11
851 850 9640 90
850 851 9640 90
852 850 6541 39
850 852 6541 39
854 853 3598 33
853 854 3598 33
855 853 2996 57
853 855 2996 57
856 854 6219 87
854 856 6219 87
857 854 7019 108
854 857 7019 108
858 857 8433 86
857 858 8433 86
873 857 2152 89
857 873 2152 89
955 858 8713 98
858 955 8713 98
860 859 8861 66
859 860 8861 66
862 859 1557 85
859 862 1557 85
861 860 7094 109
860 861 7094 109
862 861 4416 81
861 862 4416 81
866 863 8081 57
863 866 8081 57
865 864 403 100
864 865 403 100
869 868 2307 86
868 869 2307 86
870 869 1931 50
869 870 1931 50
873 869 5884 30
869 873 5884 30
872 870 9986 84
870 872 9986 84
872 871 7879 83
871 872 7879 83
875 874 6859 108
874 875 6859 108
877 874 3392 58
874 877 3392 58
876 875 5665 89
875 876 5665 89
877 876 8955 98
876 877 8955 98
879 878 9465 33
878 879 9465 33
880 878 1585 106
878 880 1585 106
883 879 8140 65
879 883 8140 65
881 880 9839 60
880 881 9839 60
882 881 4420 93
881 882 4420 93
883 882 9848 102
882 883 9848 102
885 884 9758 62
884 885 9758 62
886 884 1658 68
884 886 1658 68
886 885 4144 66
885 886 4144 66
893 886 6903 66
886 893 6903 66
888 887 3987 80
887 888 3987 80
889 887 6245 40
887 889 6245 40
904 887 1254 86
887 904 1254 86
993 887 1364 103
887 993 1364 103
892 888 414 96
888 892 414 96
956 888 6768 47
888 956 6768 47
993 888 7835 73
888 993 7835 73
890 889 5392 105
889 890 5392 105
891 890 4093 39
890 891 4093 39
892 891 6101 69
891 892 6101 69
958 892 4536 60
892 958 4536 60
894 893 10067 80
893 894 10067 80
896 895 9326 27
895 896 9326 27
897 895 3440 62
895 897 3440 62
899 896 1749 104
896 899 1749 104
900 896 3809 87
896 900 3809 87
898 897 1264 32
897 898 1264 32
902 897 7552 90
897 902 7552 90
954 897 4562 100
897 954 4562 100
982 898 539 29
898 982 539 29
901 899 2678 32
899 901 2678 32
903 899 6192 18
899 903 6192 18
901 900 2117 86
900 901 2117 86
903 902 1948 40
902 903 1948 40
951 902 9782 97
902 951 9782 97
953 902 8080 48
902 953 8080 48
904 903 427 102
903 904 427 102
951 904 6040 57
904 951 6040 57
906 905 1422 20
905 906 1422 20
908 907 5735 88
907 908 5735 88
912 907 1895 97
907 912 1895 97
913 907 5724 102
907 913 5724 102
909 908 1715 38
908 909 1715 38
910 909 5802 87
909 910 5802 87
979 909 7225 26
909 979 7225 26
911 910 7416 69
910 911 7416 69
921 910 7935 34
910 921 7935 34
922 910 6196 76
910 922 6196 76
912 911 613 57
911 912 613 57
921 911 7413 67
911 921 7413 67
920 912 3631 109
912 920 3631 109
915 914 3162 35
914 915 3162 35
916 914 5359 85
914 916 5359 85
923 915 6866 100
915 923 6866 100
978 915 7916 67
915 978 7916 67
917 916 5836 105
916 917 5836 105
918 917 7603 57
917 918 7603 57
997 917 4631 23
917 997 4631 23
919 918 7664 58
918 919 7664 58
997 918 1910 75
918 997 1910 75
920 919 7056 46
919 920 7056 46
922 921 8947 22
921 922 8947 22
923 922 234 41
922 923 234 41
978 923 2571 19
923 978 2571 19
949 924 1519 109
924 949 1519 109
926 925 1375 70
925 926 1375 70
927 925 9868 34
925 927 9868 34
929 925 4578 47
925 929 4578 47
928 926 7056 103
926 928 7056 103
928 927 9053 42
927 928 9053 42
935 927 2477 86
927 935 2477 86
930 929 629 60
929 930 629 60
931 930 5755 103
930 931 5755 103
932 931 5946 32
931 932 5946 32
944 931 7076 103
931 944 7076 103
933 932 7052 42
932 933 7052 42
945 932 4905 71
932 945 4905 71
934 933 8138 71
933 934 8138 71
935 934 759 28
934 935 759 28
937 936 6774 35
936 937 6774 35
938 936 2516 48
936 938 2516 48
938 937 962 44
937 938 962 44
941 940 4952 56
940 941 4952 56
942 940 3285 86
940 942 3285 86
943 941 3077 23
941 943 3077 23
943 942 415 39
942 943 415 39
945 944 3490 12
944 945 3490 12
947 946 843 61
946 947 843 61
950 949 9692 105
949 950 9692 105
957 949 475 31
949 957 475 31
955 950 1373 89
950 955 1373 89
960 950 3387 25
950 960 3387 25
992 951 1950 86
951 992 1950 86
953 952 325 28
952 953 325 28
954 952 5876 45
952 954 5876 45
974 952 8075 10
952 974 8075 10
954 953 4444 72
953 954 4444 72
973 954 6790 32
954 973 6790 32
966 955 3418 97
955 966 3418 97
957 956 128 12
956 957 128 12
989 956 8396 17
956 989 8396 17
994 956 2257 39
956 994 2257 39
962 957 9485 15
957 962 9485 15
959 958 3162 28
958 959 3162 28
961 960 7798 81
960 961 7798 81
965 960 3502 41
960 965 3502 41
962 961 7024 51
961 962 7024 51
990 961 2887 82
961 990 2887 82
989 962 9298 50
962 989 9298 50
964 963 5740 43
963 964 5740 43
965 963 3460 77
963 965 3460 77
968 963 9616 27
963 968 9616 27
966 964 2486 90
964 966 2486 90
967 964 4251 41
964 967 4251 41
968 967 1126 30
967 968 1126 30
970 969 1549 55
969 970 1549 55
971 969 2381 69
969 971 2381 69
974 970 4779 24
970 974 4779 24
972 971 8488 88
971 972 8488 88
973 972 3790 74
972 973 3790 74
978 973 978 63
973 978 978 63
976 975 6734 41
975 976 6734 41
977 975 753 91
975 977 753 91
999 975 3351 100
975 999 3351 100
983 976 8363 73
976 983 8363 73
978 977 1229 51
977 978 1229 51
998 977 2620 62
977 998 2620 62
981 980 6386 85
980 981 6386 85
982 980 4243 68
980 982 4243 68
983 982 3990 69
982 983 3990 69
984 983 6232 87
983 984 6232 87
985 983 6140 29
983 985 6140 29
988 983 2725 58
983 988 2725 58
986 985 1115 65
985 986 1115 65
987 985 1303 20
985 987 1303 20
991 989 9063 100
989 991 9063 100
991 990 6587 91
990 991 6587 91
994 991 3543 87
991 994 3543 87
993 992 8174 109
992 993 8174 109
996 992 4211 36
992 996 4211 36
996 993 2650 24
993 996 2650 24
995 994 201 67
994 995 201 67
996 995 8589 40
995 996 8589 40
# Traffic lights:340
994
591
940
347
808
149
813
441
519
130
54
281
768
136
590
956
207
673
244
178
177
189
858
264
93
209
837
402
537
620
759
786
575
634
547
128
983
423
723
324
680
477
313
91
882
278
534
132
866
697
631
46
355
908
687
550
360
624
493
505
213
25
482
6
185
180
685
354
359
210
455
55
365
774
852
899
603
809
42
223
928
606
139
453
953
752
529
101
133
900
833
485
793
747
669
962
758
454
538
518
211
531
884
202
293
99
660
434
911
890
597
127
310
536
571
887
377
227
328
92
545
521
811
45
925
253
421
904
174
722
748
464
844
159
520
424
155
70
320
562
881
49
781
853
346
248
676
467
247
335
398
362
822
719
140
679
152
559
818
582
647
404
627
867
931
799
804
902
965
162
50
572
234
196
403
612
34
472
749
586
716
295
165
1
876
677
82
929
574
772
671
422
797
73
463
261
976
727
725
859
256
874
363
27
273
343
197
157
218
90
173
974
761
767
430
71
167
692
589
773
187
385
364
642
251
308
336
137
490
110
288
528
499
713
629
414
973
408
678
734
689
628
449
399
164
888
990
898
843
352
170
333
598
714
524
883
580
604
32
921
746
488
96
289
607
16
927
984
775
613
549
532
120
886
179
553
824
581
85
123
718
841
828
894
864
615
405
696
987
912
321
740
506
349
97
741
11
475
138
394
709
291
21
711
639
922
777
699
672
517
356
860
315
275
566
382
212
340
391
456
444
435
329
794
229
861
126
862
298
219
525
650
510
800
595
637
142
331
495
593
